Sample	Subgroup	PC1	PC2	PC3	PC4	PC5	PC6	PC7	PC8	PC9	PC10
Array.129	HER2+	-0.13594637204585183	-4.817015321402602	4.613162054672659	-6.643686053281374	23.699817187452663	-21.28129157926369	8.630566164546481	-11.845965862899682	-1.8579326144224302	-12.20262638428455
Array.34	HR+	-9.414779491715318	4.325255796016242	12.716296176880274	10.514465477574001	3.567960584508852	1.2778926101545702	7.223017222774967	5.733409635404907	3.4679407117111047	1.9854870509339273
Array.67	HR+	-20.225158454218562	-16.00049655383431	0.3197409378076922	5.681746977136088	8.279541056436342	13.58946677837371	-0.37255071006836216	12.925418698182172	2.376560814501689	8.748465979327033
Array.24	Triple Neg	-29.69898466486366	3.4474798761119114	19.334394522105097	11.90107910820998	-9.620899931101098	19.591027966313135	-14.583867568928426	-3.424575893499562	-15.747163167395872	-9.317571894512977
Array.22	Triple Neg	-4.423746137986142	0.714421297653006	-13.051933656968334	-1.9229074040679486	-16.118535805415846	13.50075057862821	6.6090064873177825	7.6335712362731645	-6.004696938264683	8.093501190758008
Array.36	HR+	-14.046944202386882	-11.466723303504189	-9.807578476085343	-0.5360711906022211	-0.8825781312002676	-5.581535595627341	-2.0227586409976577	-2.6316387511593224	-1.7914848063864233	-6.799914021800889
Array.49	HER2+	-9.589067450603359	16.45895798566009	1.2358661342022612	-19.176146269507917	-15.97618592403022	5.238970721914929	0.7393600708444923	4.333693619860913	10.44757414393101	7.255485381715482
Array.16	HER2+	-13.049133291392193	-1.5906580738242582	3.8426657500078583	-13.514793594879515	5.078999758614976	3.22848008918956	3.2075477157132855	9.19831076264997	9.881712785009112	5.0295925032461355
Array.146	Triple Neg	-2.614896820918631	-9.808570539817602	-4.901502108162807	10.296695320720387	-1.5309580057868424	-2.7896149495879383	0.1211841854295188	-0.34187673964874243	-0.2553776891697889	2.0663250950966345
Array.143	HER2+	18.664934623911645	4.436927688885101	20.228699342085637	-4.831097921944337	6.474315013688969	0.1550723805715011	6.121743449972099	-20.844728825164623	15.427609223158138	18.638327531324038
Array.65	HR+	-10.947161874200148	22.352986844252467	-25.531897746765804	5.4049524015584005	11.950372617160415	7.10474272096724	5.182023053890297	-1.1575028145585642	-4.43947283723739	-9.186525558061764
Array.62	Triple Neg	53.48252948718083	6.946442357288493	11.061478474277667	0.5218980466121277	-10.673429938016252	8.550933739639998	3.2585443107281877	8.31436873102899	-17.1316345680017	-3.3462996168444348
Array.4	HER2+	-29.26725396524073	-17.676112586770255	10.549228407699957	-4.839221934921206	-4.727565331141156	-14.644499863889596	10.348372183917716	10.686907325228862	8.70870203113669	6.184303607757786
Array.76	HER2+	-21.62076595963265	-4.585783132110021	1.859118635339734	-10.678998928118116	9.498758880790792	-1.4960392271955647	3.549163268053819	-11.353855381882623	-4.099248429341237	0.32795209071561077
Array.118	Triple Neg	26.795135300319096	-6.093462852796423	2.6687288261481465	-2.2891475189213892	-1.3262366812083215	9.555924975441643	9.046527707751189	-2.967560527127022	-4.72946185999206	-0.29325614565775826
Array.154	Triple Neg	52.809075248980534	8.646037442457915	14.26620917943719	13.391981478638579	-0.6836348662120062	-2.6153845029257297	4.3709674052846825	-3.337121685368419	-8.105288127001813	9.44223873516386
Array.48	HR+	-5.2600726659659784	25.248172101872218	6.522254341340846	3.2739560371795933	-6.92624513889391	-14.519579660683103	21.071371326239948	-2.2121021804223395	-9.61111312464003	-16.550244921443465
Array.6	HER2+	-4.061992285436752	-9.26816342094387	-4.933861601446386	2.025423704623033	0.6138016417847204	-3.7029661140743104	4.7008886004217105	-5.174606158435006	-8.663898242792984	-0.5228243803670062
Array.39	HR+	-0.8673001472161334	-4.474529634772361	-10.15319764623865	5.968484244741683	-9.162877307842175	0.23332979535737286	2.164775880499104	1.1592158064972546	5.103031209572619	6.446572333857758
Array.86	HR+	-10.419561707273115	-6.942325250553823	-6.177154911067867	9.844122660638615	8.33281150238229	-0.49153118248186767	-3.9749519858912654	0.6629588566984087	-7.456687850616607	2.048293846039109
Array.112	Triple Neg	-13.358396594698549	-16.498759124375095	-2.427411497958102	-5.8215450375671915	9.306648914279483	3.2099982064835957	-2.9754921085340147	21.30979702601993	0.27906668703527754	-3.5170218459538454
Array.79	HER2+	-6.8809287997068544	7.609836690906712	-11.50810864027479	5.850915518011313	8.481033231747723	-9.156817392805829	-8.265713576079147	-12.628350856417228	-6.664575977407488	2.7327404031532816
Array.124	HR+	45.467202682413266	19.219250488653618	12.818023835675724	7.416247323972745	-3.0364465842557387	-15.824205633780668	4.639617411668779	-9.022539389889886	1.0142689341353417	-4.249349643556883
Array.19	HER2+	-10.988668342736068	-5.455716913930633	4.141593564498451	-10.426444651901782	4.418166918641687	-5.693388523781021	-2.8052213816023066	0.3616578476939913	1.1398576219429177	7.894730541919154
Array.27	HR+	-1.9671476420081049	-4.52991924181037	-12.383491863432807	3.2827267869530057	-7.65085881051936	2.4989365526209557	0.003807920637079129	-0.9475787317457801	0.5830446419715971	1.8072305556202364
Array.106	HER2+	16.476631903967807	18.963355900826755	-9.213227239407365	-17.15379069056746	18.846257712732367	6.284021185263188	13.460871589488391	9.986232064744623	8.970456891765936	14.57466159781101
Array.110	HER2+	-0.832597435828934	1.0435825313224247	3.0497035542062165	-4.156714225603651	-0.9633899902257212	-0.8682416669239083	-2.187592263863406	7.261819575772314	1.5596029606984891	7.136803044465637
Array.69	Triple Neg	-18.73481530616817	23.97344537931092	12.263913532264228	11.224669059593689	-7.72105977486168	-14.128885513965372	2.9988242595253354	-1.1179623582435643	3.3082136180554964	12.607268719862914
Array.73	HER2+	1.5481708067237407	-2.202439275015255	-0.4883889453690802	0.7155189733081211	0.011829206759363609	-1.4369516565073843	2.676490714276519	-0.27116431145323844	0.21527828184633716	0.7145011594160527
Array.95	HR+	35.10018019430024	-1.2300689295642988	-21.902023607725898	14.760748302702792	7.632174666552892	6.839583131828724	-1.4283078425558935	-2.9881480548785695	6.456489298032748	-13.74586289218061
Array.98	HR+	29.100586838903016	6.481388184041647	-28.022938725469167	11.386641007643934	-3.7760013533780863	24.493802179983668	-0.7870734710314876	15.773652086916835	-6.0677400281832865	6.007441534951909
Array.17	HER2+	-4.107397183533192	-2.4389508073515818	0.3904984594027362	5.057754039161483	5.64962232247017	-11.76900128099787	5.607378500300747	-4.24267442851605	6.634729547851615	5.408980317782458
Array.33	HR+	10.43321658627637	6.2118983707187	-11.048450062165918	-7.493105417153573	12.090733094768717	-22.45369483183631	-17.37684176477999	1.0453940589146238	1.1672123354118948	-11.509449319058648
Array.138	HER2+	6.243278286274687	-5.265863795892525	-9.748546168662294	-2.6460772213368724	7.497990909744393	-1.0225812860232133	35.96765543313511	9.235317479942273	-5.060169627011151	10.079066402115531
Array.149	HR+	-10.57044533476755	35.25080160665253	6.247616665282435	-3.1893486905279893	-1.4518770906853145	6.664054755980182	1.1699705772189657	1.6154594912235622	16.64063316906473	-9.25938017112157
Array.101	HR+	57.134871085971	-6.608328297910253	-26.250732989568277	-7.845794955071601	14.077263263876834	4.721476029988428	0.8320316785767164	-7.527976629074555	8.201242653593724	-2.843800431623447
Array.90	Triple Neg	-22.480926991139327	0.43083727609172584	-9.066447885990165	-18.370260358872127	1.6357463304992366	-11.575682621453025	-8.276014755788825	14.308957403334093	2.0272465342545747	14.820533227276236
Array.99	Triple Neg	-7.974058320911478	-8.629860096687212	-8.239883152197578	4.421265543126393	-3.705146386720834	-16.509054445347928	-9.443873839025771	2.5082605760964465	-0.5391958751901457	-9.644736812191733
Array.57	Triple Neg	10.365761438454525	-14.568983635585173	-14.709380211769261	-10.61435049172576	-12.179768458958543	7.472641974070838	3.067163768077066	-19.899775837402327	0.6775037628052273	11.676524860119159
Array.105	HER2+	10.591501005276335	1.7443079526135468	-0.8776950398561746	-3.7546335162695894	-8.741841220400492	-10.308969064703284	-5.368798555770174	-15.90299480007725	3.357165821908919	4.200112236762786
Array.85	HR+	-12.588513387597688	-6.163654189682826	7.323471990115019	5.5006369201925756	0.4062080953419067	-4.749332861590808	3.085569344364802	9.276806456697312	-10.073546117013995	4.665582006128839
Array.114	Triple Neg	-32.56863652261586	-10.231506297534885	-15.29332240441714	-8.155427452593846	9.683265392321163	5.487229968919005	4.0835815199899566	1.1852638308581345	3.117272655694992	-5.866294783328686
Array.56	HR+	-30.27850424891221	17.764956209763582	-12.4265486055099	1.5442697214084464	5.485194949391288	-7.072465959184692	-11.21483596765974	6.194130591810305	-6.743159943066039	12.68092912964925
Array.5	Triple Neg	-23.00976910304374	-9.746471843358483	9.37123051118969	-9.699212257287188	-17.019004233214442	-2.383593922900268	-13.51213240000821	-5.34783852683508	-16.163415585687755	0.7926166472510379
Array.8	HR+	1.659780460745636	23.815108074912537	6.812596112241201	-4.065382836443499	-3.153325654146543	-8.034054975678304	-5.512982432699193	2.8978109828541294	1.1283565841178793	-8.547186003992634
Array.113	Triple Neg	-35.779750154545184	-8.628101418724041	-3.297073032238311	36.05582195349295	6.598978872946975	-18.144237119509395	-11.381785967000896	-7.545697532434249	0.12422200965673902	3.448653443703054
Array.148	HER2+	9.382588901157277	-2.6309328264796314	10.866365790348308	21.215952283886786	3.8231287504235825	12.726944961974356	-9.474197876104544	-6.040319905920295	31.432624465019497	-13.623757549867525
Array.42	HER2+	12.352328706654388	11.253758911137966	-4.8655778352238945	-22.84448370062189	14.032244288400157	-15.368848238872104	-24.11429458573029	17.899824138315818	3.011893684605127	-12.492509025335169
Array.25	Triple Neg	-22.067653014111073	-2.4892940154563896	15.545627508192629	3.5746129478517332	-16.431360317205478	6.899148033767112	-1.3558462079991789	-13.141716047825467	10.946102494608667	-3.761399449954123
Array.102	Triple Neg	-4.765053384593088	7.326975125674552	1.3431766054163508	-5.647005394877285	-10.016498681276252	5.079256519413036	-6.945962208869573	11.20779750134443	5.479393949782042	5.495597286268751
Array.55	HER2+	-4.09104455555917	-7.143296760936394	34.15146911689934	11.296266038170959	28.775976202950627	4.353841422274128	2.5854901518080027	8.212485488132682	-0.29417794222663435	10.113358651654778
Array.141	HR+	-1.9830196150146446	-5.158599848723698	-8.242573851898324	4.838998704940259	-7.0292251723762265	-3.864293184240549	4.033472297600556	1.120177870922387	-1.1888762126407728	4.4568740481753535
Array.43	HR+	-4.473341259043568	7.2495101238052815	9.488541483724616	13.295422988837183	-2.263040972027178	-1.592940812957701	3.0326114573666536	23.924705462104622	1.4143081855374435	-4.086085051380422
Array.159	Triple Neg	-15.941679488321109	5.446316185103383	17.706785200102804	-13.567126686539696	-2.956030446836588	13.335698295160018	-10.110627473089961	-6.458390654730213	-20.328062081503806	-9.511011440256913
Array.52	HR+	-16.24404242050727	25.457045610806144	-2.6229364574589265	-6.729791381024755	-0.5839679101695097	-5.920344620404743	-8.53817912135155	1.3960925054680418	-8.965031526872608	0.44281790696939366
Array.88	Triple Neg	-13.937763958029846	3.6733752058171234	24.555242309382702	2.7596755449077617	24.602781918268576	9.083716107063037	3.3400979246485396	-5.7989750483803375	-5.546677319202243	-2.3761152740282183
Array.125	HER2+	-1.1191343924876722	-10.528873026602277	-4.695938133760062	11.406779637856236	-4.0958203031003615	-0.6782571147120051	-1.6504230575241905	-0.39054791802182104	-0.6906454792021265	-1.8020419737623168
Array.152	HER2+	-0.4286559206980557	-8.831990451326252	4.193786938750049	-9.829195479886298	19.202158811105356	-3.6437413568346777	0.5181418364862329	13.568059131464755	-0.6342304966043596	5.322519064923155
Array.50	Triple Neg	50.46241388283216	-3.772101755564116	4.045065235608619	-8.305786934978656	-0.9017685178949302	-4.082950251665176	-10.59375614965877	2.99522493134113	7.208888025860007	-3.05580717277281
Array.23	HR+	3.1123658126646934	13.206745197050973	7.12875377771591	-5.927711713647199	15.023619557127406	26.296943972030338	2.36952722633564	-5.557837548983227	-1.3566832792278662	-11.358179518102272
Array.68	HER2+	-9.840910269542311	1.3860079238903502	-1.3801528699514904	4.636012664048296	-2.8385833539381538	-5.876321567401803	-7.975984611601144	-0.25133237961455857	7.8611289235230455	5.502986387708959
Array.94	HR+	4.019409897227312	0.4609798663918339	-8.947905669311007	9.88037062507859	-2.5167679396096005	-5.288872388481273	9.036775449293737	-4.495154886038452	-2.113503802455873	-8.98158314109043
Array.153	Triple Neg	-12.122422002554606	-1.8719270202570002	11.842602740498762	-14.465917506116435	-9.071506547819125	9.08666840572887	-22.936873008094118	-6.579524152354168	-11.41725316375007	11.063252318459469
Array.51	HER2+	59.160127470139486	6.0974788227866386	21.65118757018422	-0.9927211398251865	-1.9937713665328385	-4.7173792857965235	2.502611468399805	2.339947354449552	-3.175414858882398	0.6594838610327823
Array.142	HR+	24.049679563172752	15.536814156813833	-21.074142068061587	-3.976612843120722	6.26972143023382	-0.11882679654589251	0.31598031804122145	-6.629636293875497	-20.766154113044664	-8.238792220077116
Array.144	HER2+	-6.428925848983433	-3.8437064764307975	-7.363366498997211	-5.625946090953883	-4.867225233545412	-5.511187964290457	4.4338661299162485	11.409257756393103	-4.228483687796092	-0.35656913885972574
Array.37	HR+	-2.414252487282378	-9.993193188630146	-8.184909636622368	10.169562299129955	-2.5547314499216545	-1.6661596702528063	-3.4487317085697224	0.2732084565839235	-1.098230132104063	-3.8158994974255243
Array.78	HER2+	-4.181605939623044	5.588856901903111	1.6815626434000954	-5.045961876143708	-4.693508594983566	-3.840682148986867	1.0405158603638425	-6.036433801145467	6.088581145021373	-1.5515747596755745
Array.18	HER2+	-11.556598387946568	-6.859824727179454	-1.1287186065476664	4.324861351471599	0.7318936106545535	-6.722834691346214	20.296126620837246	-14.371951715164466	-8.440409728883205	11.025908038418143
Array.82	HR+	22.925881210119144	0.5733352830344723	2.3274714520679214	10.29653326601351	2.029371146933807	-7.151369553425685	-23.82561405034524	-0.24108634158601672	11.394860995983285	18.870538462964415
Array.75	HER2+	-30.860055598250145	-19.97667468646596	5.890127998905092	-16.26359509162822	10.889275241524993	5.504362225737557	9.435808923445075	-7.193200084831651	1.3524707631227824	-12.523755671055978
Array.139	HER2+	1.7361503984326552	9.448863916321438	1.2439976946197568	-0.6024945616048774	-3.682367210910023	-6.572434971128352	-2.992054325821608	-4.63385404098876	-0.7606400204098465	9.618973046829147
Array.2	HR+	-29.895759357905405	23.058651856604843	-3.3269897183188726	-2.2239802472267107	8.759180095273159	16.619601645913242	-1.348603249405636	-9.13548519215214	-4.3437331465671365	5.610768574395041
Array.117	HR+	-5.422689040462495	-6.361087110878181	-3.5820443165070057	16.783405205568354	-4.963069602452312	3.5106130697502493	4.031079125821928	1.5342547121251546	-4.40382300724761	0.9940247566171949
Array.60	HR+	-4.586358563267821	-2.304310117387472	-9.652238121135145	10.184849442987767	-8.890364728287336	4.769916243799444	3.1288704561588676	1.16270567156975	-1.0259333782754714	1.7768803338132417
Array.38	Triple Neg	-23.82462144329257	-5.0073429388416715	12.229621591132947	5.037452830702844	11.118505565710846	1.3327948307843598	2.222738107589576	1.6508070488803857	-2.9137183287299577	-8.7969380499998
Array.72	HER2+	9.32450259829885	5.272109687309721	4.786157079666243	9.097414058790175	-2.0644304434260943	3.8721692949866466	4.320792784445202	2.4570018498282447	6.013874104250988	3.6603316117703875
Array.104	Triple Neg	-1.0983350631369895	-10.892995869453886	-4.81193519340136	11.078936817091023	-3.572090677924096	-0.5308090929392343	-2.3000376202514663	0.034814156785787344	-0.8056694364892035	-2.4757282362554
Array.137	HR+	-12.466518368555612	-6.631826796081977	-2.1838229321728444	1.5809481675011692	-3.480804187528552	-3.7963395216829907	7.219839829107183	2.6693370339363045	-6.433606991889694	-7.055737215542063
Array.145	Triple Neg	-15.913957498079824	-16.10266379280502	7.496564686770715	-9.915222490689482	-26.016483822552644	-1.7917768886327743	12.192550588890631	5.729150156763217	27.37856941524209	-16.916077858244222
Array.31	Triple Neg	56.454870529761344	-16.88441679956282	15.897568967266425	11.278450248766644	1.6677935650164308	-2.1218397184860125	-5.0865627958551975	17.982399157314934	-11.552615193067885	-7.47613222507661
Array.135	Triple Neg	39.965031240933236	-19.498960844022722	-1.9583471423887369	3.424398971564946	-0.9916140522549368	8.495600585293978	-9.098420830098544	4.7185797276678425	6.927465454754829	4.401966465777545
Array.111	Triple Neg	49.22313343934775	-9.67224309496349	13.191013843420318	-11.312812044912574	2.2240700691716513	7.017915331919134	-5.530702119628323	-8.87842040104634	3.6188706307960814	0.32823431911241313
Array.7	HR+	-13.793318694105576	2.513503161765427	-2.5459033884055553	-5.257674398882103	-0.2338939795986998	13.876622797437918	-10.255626846417881	-10.481578160489104	-4.188618256309902	2.496443432178025
Array.21	HER2+	25.81890616780171	2.311991033740258	0.6898891990468655	-2.2376615348445013	-0.7291991110196746	-5.9305548192589805	1.159218771633515	-13.099093872011451	3.3595532478862746	-3.598811326216796
Array.53	HER2+	-24.84067009096192	-10.36513427450938	-4.016934862796088	8.276452536023026	12.373626961473999	7.868050645168271	-2.508689133088667	-14.378672429785537	3.679361239800385	13.284841401930702
Array.59	HR+	-34.57492890153419	11.293759487569083	3.1504550402491542	11.48578348024552	-3.5046293429399684	5.7651612346359355	0.5993994853816745	5.753849410848172	8.37510313242868	-14.17420846213294
Array.71	Triple Neg	-8.354484346353809	-3.2321451288412875	17.907415456390716	-11.766307008256456	-18.277703756568222	-7.548661436511214	12.436328779883556	7.087554783618893	-10.650604688828535	-2.3515909109501174
Array.47	Triple Neg	-17.323730605844734	-7.259695886833809	7.6303468502885625	-4.083807438804084	-4.0438636767710285	10.67170984420446	-3.4880563694261424	1.2174360447994244	3.5970926554671205	-2.501253586405714
Array.107	Triple Neg	-7.516231121655106	-9.22261083584515	-10.199803670463806	-18.641721276876737	4.741900382106717	0.3778813054593453	3.021294670941477	-5.958692071096277	-4.684884100578433	-0.38991270427528935
Array.64	Triple Neg	-8.422803745236063	-7.878142628995931	-4.251684740510792	-15.849021158340161	-4.661746392080432	-4.543498269291129	-0.8084332989729477	-0.06031429822444056	4.401982851323389	-7.462805360777925
Array.89	HR+	2.610198738161456	-7.314032165089987	-9.334132540999361	5.517179193451048	-6.332033196106187	-1.6685543092552892	-0.23385115332490664	0.8477384564525235	-1.2779016373375283	0.5488594509174191
Array.30	Triple Neg	26.403273819716134	-6.235680234073775	2.3001361317672995	-5.571047081546078	2.3857319050249224	9.887436628033365	-1.1663092459369877	5.2561764212051205	4.179577931713434	-2.649934948987276
Array.35	HR+	0.47787048656539677	-6.40981141869808	-10.094360824990204	12.41162852899213	-5.320647219480637	-0.20598902898249086	0.003431876601134653	1.6291913607013424	-3.739774695076626	-5.534370538717201
Array.93	Triple Neg	33.665462324780336	-23.31676436941741	-4.150526819159219	-15.474851643354013	-16.17397522663805	-5.230093820265273	-0.756920932547385	-7.50697087641282	-7.226102297411066	1.5710614968743353
Array.10	HER2+	-19.334874142923915	5.3633500542116375	-16.980555340746402	-4.800064327945609	-2.3709916765767365	6.822348899334935	-3.230981967273578	-6.399005762842728	12.84928423706438	-7.711405389372162
Array.123	HR+	-7.0572690006627194	17.804219547012057	5.14135464531278	2.8019215709773286	-8.031445752945459	1.007173948724886	0.6307275012062099	5.442358436640206	-3.80112933145339	3.402345298609743
Array.100	HR+	-0.9452762400732599	-11.05949113573467	-4.754853850994946	10.634273912432313	-3.8985851859245426	-0.6100708185585962	-2.2701714798018284	0.044743554852322585	-0.9276528756510253	-1.5442385896900934
Array.134	HR+	7.5862833316884535	38.868880840308044	-12.039113364498059	1.8886210016517448	-11.436214073115368	0.06675003202369259	9.12908363753115	-0.001118074837051665	7.84151449616933	5.594201482653758
Array.130	HER2+	0.9879711567558752	-10.605744191229038	8.131486110058477	-10.43610525432544	0.5493551142579055	0.8225711516165803	6.562303628694561	-6.719744489721306	-0.2419923402821147	-8.180617759709483
